100
-1.5625,1.0,4.4375
-1.5625,1.0,4.5625
-1.55625,5.0,4.556249999999997
-1.55625,5.0,4.443749999999996
-1.44375,5.0,4.443749999999996
-1.4375,1.0,4.4375
-1.4375,1.0,4.5625
-1.44375,5.0,4.556249999999997
-1.78125,5.1,5.0625000000000036
-1.78125,5.1,3.9374999999999893
-1.21875,5.1,5.0625000000000036
-1.21875,5.1,3.9374999999999893
-1.78125,5.3999999999999995,5.0625000000000036
-1.78125,5.3999999999999995,3.9374999999999893
-1.21875,5.3999999999999995,5.0625000000000036
-1.21875,5.3999999999999995,3.9374999999999893
-1.125,1.0,4.125
-1.875,1.0,4.125
-1.125,1.0,4.875
-1.875,1.0,4.875
-1.125,0.5,4.125
-1.875,0.5,4.125
-1.125,0.5,4.875
-1.875,0.5,4.875
-1.584375,5.3999999999999995,4.647656249999999
-1.584375,5.3999999999999995,4.3312499999999945
-1.415625,5.3999999999999995,4.647656249999999
-1.415625,5.3999999999999995,4.3312499999999945
-1.584375,5.6,4.605468749999998
-1.584375,5.6,4.415624999999995
-1.415625,5.6,4.605468749999998
-1.415625,5.6,4.415624999999995
-1.8375000000000004,5.699999999999999,5.2699218750000085
-1.8375000000000004,5.699999999999999,3.751171874999983
-1.1624999999999996,5.699999999999999,5.2699218750000085
-1.1624999999999996,5.699999999999999,3.751171874999983
-1.1624999999999996,6.1,5.2699218750000085
-1.8375000000000004,6.1,5.2699218750000085
-1.8375000000000004,6.1,3.751171874999983
-1.1624999999999996,6.1,3.751171874999983
-1.7375000000000003,5.8,4.890234375000002
-1.7375000000000003,5.8,4.130859374999989
-1.7375000000000003,6.0,4.890234375000002
-1.7375000000000003,6.0,4.130859374999989
-1.2624999999999997,5.8,4.130859374999989
-1.2624999999999997,5.8,4.890234375000002
-1.2624999999999997,6.0,4.130859374999989
-1.2624999999999997,6.0,4.890234375000002
-1.618125,6.1,4.643437499999997
-1.618125,6.1,4.377656249999994
-1.381875,6.1,4.643437499999997
-1.381875,6.1,4.377656249999994
-1.618125,6.3,4.643437499999997
-1.618125,6.3,4.377656249999994
-1.381875,6.3,4.643437499999997
-1.381875,6.3,4.377656249999994
-1.618125,6.4,5.5072265625000085
-1.618125,6.4,3.513867187499983
-1.381875,6.4,5.5072265625000085
-1.381875,6.4,3.513867187499983
-1.618125,6.6000000000000005,5.5072265625000085
-1.618125,6.6000000000000005,3.513867187499983
-1.381875,6.6000000000000005,5.5072265625000085
-1.381875,6.6000000000000005,3.513867187499983
-1.6063125,6.800000000000001,5.407558593750007
-1.6063125,6.800000000000001,3.613535156249984
-1.3936875,6.800000000000001,5.407558593750007
-1.3936875,6.800000000000001,3.613535156249984
-1.59568125,7.000000000000001,5.317857421875006
-1.59568125,7.000000000000001,3.7032363281249845
-1.4043187499999998,7.000000000000001,5.317857421875006
-1.4043187499999998,7.000000000000001,3.7032363281249845
-1.5861131249999998,7.170000000000001,5.237126367187505
-1.5861131249999998,7.170000000000001,3.7839673828124853
-1.4138868749999998,7.170000000000001,5.237126367187505
-1.4138868749999998,7.170000000000001,3.7839673828124853
-1.5775018124999998,7.2700000000000005,5.164468417968754
-1.5775018124999998,7.2700000000000005,3.856625332031236
-1.4224981874999998,7.2700000000000005,5.164468417968754
-1.4224981874999998,7.2700000000000005,3.856625332031236
-1.5697516312499997,7.36,5.099076263671878
-1.5697516312499997,7.36,3.922017486328112
-1.4302483687499998,7.36,5.099076263671878
-1.4302483687499998,7.36,3.922017486328112
-1.5558013049999997,7.45,4.9813703859375025
-1.5558013049999997,7.45,4.039723364062489
-1.4441986949999996,7.45,4.9813703859375025
-1.4441986949999996,7.45,4.039723364062489
-1.5446410439999996,7.5562,4.751608512599999
-1.5446410439999996,7.5562,4.2694852373999925
-1.4553589559999995,7.54,4.88720568375
-1.4553589559999995,7.54,4.13388806624999
-1.5446410439999996,7.6137999999999995,4.751608512599999
-1.5446410439999996,7.6137999999999995,4.2694852373999925
-1.4553589559999995,7.63,4.88720568375
-1.4553589559999995,7.63,4.13388806624999
-1.5236410439999997,7.5562,4.751608512599999
-1.5236410439999997,7.5562,4.2694852373999925
-1.5236410439999997,7.6137999999999995,4.751608512599999
-1.5236410439999997,7.6137999999999995,4.2694852373999925
98
0,1,2,3
0,3,4,5
2,1,6,7
7,6,5,4
3,2,8,9
2,7,10,8
7,4,11,10
4,3,9,11
9,8,12,13
8,10,14,12
10,11,15,14
11,9,13,15
0,5,16,17
5,6,18,16
6,1,19,18
1,0,17,19
17,16,20,21
16,18,22,20
18,19,23,22
19,17,21,23
21,20,22,23
13,12,24,25
12,14,26,24
14,15,27,26
15,13,25,27
25,24,28,29
24,26,30,28
26,27,31,30
27,25,29,31
29,28,32,33
28,30,34,32
30,31,35,34
31,29,33,35
32,34,36,37
35,33,38,39
33,32,40,41
32,37,42,40
37,38,43,42
38,33,41,43
41,40,42,43
34,35,44,45
35,39,46,44
39,36,47,46
36,34,45,47
45,44,46,47
38,37,48,49
37,36,50,48
36,39,51,50
39,38,49,51
49,48,52,53
48,50,54,52
50,51,55,54
51,49,53,55
53,52,56,57
52,54,58,56
54,55,59,58
55,53,57,59
57,56,60,61
56,58,62,60
58,59,63,62
59,57,61,63
61,60,64,65
60,62,66,64
62,63,67,66
63,61,65,67
65,64,68,69
64,66,70,68
66,67,71,70
67,65,69,71
69,68,72,73
68,70,74,72
70,71,75,74
71,69,73,75
73,72,76,77
72,74,78,76
74,75,79,78
75,73,77,79
77,76,80,81
76,78,82,80
78,79,83,82
79,77,81,83
81,80,84,85
80,82,86,84
82,83,87,86
83,81,85,87
85,84,88,89
84,86,90,88
86,87,91,90
87,85,89,91
88,90,94,92
90,91,95,94
91,89,93,95
93,92,94,95
89,88,96,97
88,92,98,96
92,93,99,98
93,89,97,99
97,96,98,99
0,255,0
1.0,1.0,1.0,10.0