76
-1.5625,1.0,4.4375
-1.5625,1.0,4.5625
-1.55625,5.0,4.556249999999997
-1.55625,5.0,4.443749999999996
-1.44375,5.0,4.443749999999996
-1.4375,1.0,4.4375
-1.4375,1.0,4.5625
-1.44375,5.0,4.556249999999997
-1.78125,5.1,5.0625000000000036
-1.78125,5.1,3.9374999999999893
-1.21875,5.1,5.0625000000000036
-1.21875,5.1,3.9374999999999893
-1.78125,5.3999999999999995,5.0625000000000036
-1.78125,5.3999999999999995,3.9374999999999893
-1.21875,5.3999999999999995,5.0625000000000036
-1.21875,5.3999999999999995,3.9374999999999893
-1.125,1.0,4.125
-1.875,1.0,4.125
-1.125,1.0,4.875
-1.875,1.0,4.875
-1.125,0.5,4.125
-1.875,0.5,4.125
-1.125,0.5,4.875
-1.875,0.5,4.875
-1.584375,5.3999999999999995,4.647656249999999
-1.584375,5.3999999999999995,4.3312499999999945
-1.415625,5.3999999999999995,4.647656249999999
-1.415625,5.3999999999999995,4.3312499999999945
-1.584375,5.6,4.605468749999998
-1.584375,5.6,4.415624999999995
-1.415625,5.6,4.605468749999998
-1.415625,5.6,4.415624999999995
-1.8375000000000004,5.699999999999999,5.2699218750000085
-1.8375000000000004,5.699999999999999,3.751171874999983
-1.1624999999999996,5.699999999999999,5.2699218750000085
-1.1624999999999996,5.699999999999999,3.751171874999983
-1.1624999999999996,6.1,5.2699218750000085
-1.8375000000000004,6.1,5.2699218750000085
-1.8375000000000004,6.1,3.751171874999983
-1.1624999999999996,6.1,3.751171874999983
-1.7375000000000003,5.8,4.890234375000002
-1.7375000000000003,5.8,4.130859374999989
-1.7375000000000003,6.0,4.890234375000002
-1.7375000000000003,6.0,4.130859374999989
-1.2624999999999997,5.8,4.130859374999989
-1.2624999999999997,5.8,4.890234375000002
-1.2624999999999997,6.0,4.130859374999989
-1.2624999999999997,6.0,4.890234375000002
-1.618125,6.1,4.643437499999997
-1.618125,6.1,4.377656249999994
-1.381875,6.1,4.643437499999997
-1.381875,6.1,4.377656249999994
-1.618125,6.3,4.643437499999997
-1.618125,6.3,4.377656249999994
-1.381875,6.3,4.643437499999997
-1.381875,6.3,4.377656249999994
-1.618125,6.3999999999999995,5.786296875000012
-1.618125,6.3999999999999995,3.2347968749999794
-1.381875,6.3999999999999995,5.786296875000012
-1.381875,6.3999999999999995,3.2347968749999794
-1.618125,6.499999999999999,5.786296875000012
-1.618125,6.499999999999999,3.2347968749999794
-1.381875,6.499999999999999,5.786296875000012
-1.381875,6.499999999999999,3.2347968749999794
-1.6063125,6.599999999999999,5.65872187500001
-1.6063125,6.599999999999999,3.362371874999981
-1.3936875,6.599999999999999,5.65872187500001
-1.3936875,6.599999999999999,3.362371874999981
-1.59568125,6.699999999999998,5.543904375000008
-1.59568125,6.699999999999998,3.4771893749999823
-1.4043187499999998,6.699999999999998,5.543904375000008
-1.4043187499999998,6.699999999999998,3.4771893749999823
-1.5861131249999998,6.789999999999998,5.440568625000007
-1.5861131249999998,6.789999999999998,3.5805251249999834
-1.4138868749999998,6.789999999999998,5.440568625000007
-1.4138868749999998,6.789999999999998,3.5805251249999834
74
0,1,2,3
0,3,4,5
2,1,6,7
7,6,5,4
3,2,8,9
2,7,10,8
7,4,11,10
4,3,9,11
9,8,12,13
8,10,14,12
10,11,15,14
11,9,13,15
0,5,16,17
5,6,18,16
6,1,19,18
1,0,17,19
17,16,20,21
16,18,22,20
18,19,23,22
19,17,21,23
21,20,22,23
13,12,24,25
12,14,26,24
14,15,27,26
15,13,25,27
25,24,28,29
24,26,30,28
26,27,31,30
27,25,29,31
29,28,32,33
28,30,34,32
30,31,35,34
31,29,33,35
32,34,36,37
35,33,38,39
33,32,40,41
32,37,42,40
37,38,43,42
38,33,41,43
41,40,42,43
34,35,44,45
35,39,46,44
39,36,47,46
36,34,45,47
45,44,46,47
38,37,48,49
37,36,50,48
36,39,51,50
39,38,49,51
49,48,52,53
48,50,54,52
50,51,55,54
51,49,53,55
53,52,56,57
52,54,58,56
54,55,59,58
55,53,57,59
57,56,60,61
56,58,62,60
58,59,63,62
59,57,61,63
61,60,64,65
60,62,66,64
62,63,67,66
63,61,65,67
65,64,68,69
64,66,70,68
66,67,71,70
67,65,69,71
69,68,72,73
68,70,74,72
70,71,75,74
71,69,73,75
73,72,74,75
0,255,0
1.0,1.0,1.0,10.0