56
-1.5625,1.0,4.4375
-1.5625,1.0,4.5625
-1.55625,5.0,4.556249999999997
-1.55625,5.0,4.443749999999996
-1.44375,5.0,4.443749999999996
-1.4375,1.0,4.4375
-1.4375,1.0,4.5625
-1.44375,5.0,4.556249999999997
-1.78125,5.1,5.0625000000000036
-1.78125,5.1,3.9374999999999893
-1.21875,5.1,5.0625000000000036
-1.21875,5.1,3.9374999999999893
-1.78125,5.3999999999999995,5.0625000000000036
-1.78125,5.3999999999999995,3.9374999999999893
-1.21875,5.3999999999999995,5.0625000000000036
-1.21875,5.3999999999999995,3.9374999999999893
-1.125,1.0,4.125
-1.875,1.0,4.125
-1.125,1.0,4.875
-1.875,1.0,4.875
-1.125,0.5,4.125
-1.875,0.5,4.125
-1.125,0.5,4.875
-1.875,0.5,4.875
-1.584375,5.3999999999999995,4.647656249999999
-1.584375,5.3999999999999995,4.3312499999999945
-1.415625,5.3999999999999995,4.647656249999999
-1.415625,5.3999999999999995,4.3312499999999945
-1.584375,5.6,4.605468749999998
-1.584375,5.6,4.415624999999995
-1.415625,5.6,4.605468749999998
-1.415625,5.6,4.415624999999995
-1.7531250000000003,5.8,5.2699218750000085
-1.7531250000000003,5.8,3.751171874999983
-1.2468749999999997,5.8,5.2699218750000085
-1.2468749999999997,5.8,3.751171874999983
-1.7531250000000003,6.1,5.2699218750000085
-1.7531250000000003,6.1,3.751171874999983
-1.2468749999999997,6.1,5.2699218750000085
-1.2468749999999997,6.1,3.751171874999983
-1.78125,5.1,3.737499999999989
-1.21875,5.1,3.737499999999989
-1.78125,5.3999999999999995,3.737499999999989
-1.21875,5.3999999999999995,3.737499999999989
-1.6265625000000004,5.1825,3.4374999999999893
-1.3734374999999996,5.1825,3.4374999999999893
-1.6265625000000004,5.3175,3.4374999999999893
-1.3734374999999996,5.3175,3.4374999999999893
-1.6265625000000004,5.1825,3.3874999999999886
-1.3734374999999996,5.1825,3.3874999999999886
-1.6265625000000004,5.3175,3.3874999999999886
-1.3734374999999996,5.3175,3.3874999999999886
-1.5632812500000002,5.2162500000000005,3.3874999999999886
-1.4367187499999998,5.2162500000000005,3.3874999999999886
-1.5632812500000002,5.2837499999999995,3.3874999999999886
-1.4367187499999998,5.2837499999999995,3.3874999999999886
54
0,1,2,3
0,3,4,5
2,1,6,7
7,6,5,4
3,2,8,9
2,7,10,8
7,4,11,10
4,3,9,11
9,8,12,13
8,10,14,12
10,11,15,14
0,5,16,17
5,6,18,16
6,1,19,18
1,0,17,19
17,16,20,21
16,18,22,20
18,19,23,22
19,17,21,23
21,20,22,23
13,12,24,25
12,14,26,24
14,15,27,26
15,13,25,27
25,24,28,29
24,26,30,28
26,27,31,30
27,25,29,31
29,28,32,33
28,30,34,32
30,31,35,34
31,29,33,35
33,32,36,37
32,34,38,36
34,35,39,38
35,33,37,39
37,36,38,39
11,9,40,41
9,13,42,40
13,15,43,42
15,11,41,43
41,40,44,45
40,42,46,44
42,43,47,46
43,41,45,47
45,44,48,49
44,46,50,48
46,47,51,50
47,45,49,51
49,48,52,53
48,50,54,52
50,51,55,54
51,49,53,55
53,52,54,55
0,255,0
1.0,1.0,1.0,10.0