44
-5.0,0.5,-9.75
-5.0,0.5,-9.25
-5.0,5.0,-9.25
-5.0,5.0,-9.75
6.0,5.0,-9.75
6.0,0.5,-9.75
6.0,0.5,-9.25
6.0,5.0,-9.25
6.5,0.5,-9.25
6.5,5.0,-9.25
6.5,0.5,-9.75
6.5,5.0,-9.75
6.0,0.5,-3.25
6.0,5.0,-3.25
6.5,0.5,-3.25
6.5,5.0,-3.25
6.0,0.5,-2.75
6.0,5.0,-2.75
6.5,0.5,-2.75
6.5,5.0,-2.75
2.5,0.5,-3.25
2.5,5.0,-3.25
2.5,0.5,-2.75
2.5,5.0,-2.75
-5.5,0.5,-9.25
-5.5,0.5,-9.75
-5.5,5.0,-9.25
-5.5,5.0,-9.75
-5.0,5.0,1.75
-5.0,0.5,1.75
-5.5,5.0,1.75
-5.5,0.5,1.75
-5.0,5.0,2.25
-5.0,0.5,2.25
-5.5,5.0,2.25
-5.5,0.5,2.25
0.0,5.0,1.75
0.0,0.5,1.75
0.0,5.0,2.25
0.0,0.5,2.25
0.0,0.5,1.75
0.0,5.0,1.75
0.0,0.5,2.25
0.0,5.0,2.25
42
0,3,4,5
0,5,6,1
2,1,6,7
3,2,7,4
6,5,10,8
5,4,11,10
4,7,9,11
9,8,10,11
7,6,12,13
6,8,14,12
8,9,15,14
9,7,13,15
12,14,18,16
14,15,19,18
15,13,17,19
17,16,18,19
13,12,20,21
12,16,22,20
16,17,23,22
17,13,21,23
0,1,24,25
2,3,27,26
3,0,25,27
25,24,26,27
1,2,28,29
2,26,30,28
26,24,31,30
24,1,29,31
28,30,34,32
30,31,35,34
31,29,33,35
33,32,34,35
29,28,36,37
28,32,38,36
32,33,39,38
33,29,37,39
37,36,38,39
21,20,37,36
20,22,39,37
22,23,38,39
23,21,36,38
36,37,39,38
0,255,0
1.0,1.0,1.0,10.0