32
-1.85,7.45,5.0
-1.85,7.45,7.999999999999999
-1.85,7.8999999999999995,7.999999999999999
-1.85,7.8999999999999995,5.0
-1.1500000000000001,7.8999999999999995,5.0
-1.1500000000000001,7.45,5.0
-1.1500000000000001,7.45,7.999999999999999
-1.1500000000000001,7.8999999999999995,7.999999999999999
-1.815,7.949999999999998,7.85
-1.815,7.949999999999999,5.1499999999999995
-1.185,7.949999999999998,7.85
-1.185,7.949999999999999,5.1499999999999995
-1.79925,7.999999999999997,7.7825
-1.79925,7.999999999999999,5.217499999999999
-1.2007500000000002,7.999999999999997,7.7825
-1.2007500000000002,7.999999999999999,5.217499999999999
-1.7842875,8.059999999999999,7.718374999999999
-1.7842875,8.059999999999999,5.281624999999999
-1.2157125000000004,8.059999999999999,7.718374999999999
-1.2157125000000004,8.059999999999999,5.281624999999999
-1.7842875,8.559999999999999,7.718374999999999
-1.7842875,8.559999999999999,5.281624999999999
-1.2157125000000004,8.559999999999999,7.718374999999999
-1.2157125000000004,8.559999999999999,5.281624999999999
-1.6705725,8.559999999999999,7.625778499999999
-1.6705725,8.559999999999999,5.374221500000001
-1.3294275,8.559999999999999,7.625778499999999
-1.3294275,8.559999999999999,5.374221500000001
-1.6535152499999999,8.759999999999998,7.513200649999999
-1.6535152499999999,8.759999999999998,5.48679935
-1.34648475,8.759999999999998,7.513200649999999
-1.34648475,8.759999999999998,5.48679935
30
0,1,2,3
0,3,4,5
0,5,6,1
2,1,6,7
7,6,5,4
3,2,8,9
2,7,10,8
7,4,11,10
4,3,9,11
9,8,12,13
8,10,14,12
10,11,15,14
11,9,13,15
13,12,16,17
12,14,18,16
14,15,19,18
15,13,17,19
17,16,20,21
16,18,22,20
18,19,23,22
19,17,21,23
21,20,24,25
20,22,26,24
22,23,27,26
23,21,25,27
25,24,28,29
24,26,30,28
26,27,31,30
27,25,29,31
29,28,30,31
0,255,0
1.0,1.0,1.0,10.0