36
-5.0,0.5,-9.75
-5.0,5.0,-9.75
6.0,5.0,-9.75
6.0,0.5,-9.75
6.0,0.5,-9.25
-5.0,0.5,-9.25
-5.0,5.0,-9.25
6.0,5.0,-9.25
6.5,0.5,-9.75
6.5,0.5,-9.25
6.5,5.0,-9.75
6.5,5.0,-9.25
6.0,0.5,-2.25
6.0,5.0,-2.25
6.5,0.5,-2.25
6.5,5.0,-2.25
-5.5,0.5,-9.25
-5.5,0.5,-9.75
-5.5,5.0,-9.75
-5.5,5.0,-9.25
-5.0,5.0,3.75
-5.0,0.5,3.75
-5.5,5.0,3.75
-5.5,0.5,3.75
-5.0,5.0,4.25
-5.0,0.5,4.25
-5.5,5.0,4.25
-5.5,0.5,4.25
-3.0,5.0,3.75
-3.0,0.5,3.75
-3.0,5.0,4.25
-3.0,0.5,4.25
2.0,0.5,0.25
2.0,5.0,0.25
2.5,0.5,0.25
2.5,5.0,0.25
34
0,1,2,3
0,3,4,5
6,5,4,7
1,6,7,2
4,3,8,9
3,2,10,8
2,7,11,10
11,9,8,10
7,4,12,13
4,9,14,12
9,11,15,14
11,7,13,15
0,5,16,17
6,1,18,19
1,0,17,18
17,16,19,18
5,6,20,21
6,19,22,20
19,16,23,22
16,5,21,23
20,22,26,24
22,23,27,26
23,21,25,27
25,24,26,27
21,20,28,29
20,24,30,28
24,25,31,30
25,21,29,31
29,28,30,31
13,12,32,33
12,14,34,32
14,15,35,34
15,13,33,35
33,32,34,35
0,255,0
1.0,1.0,1.0,10.0