16
-1.65,6.0,5.4875
-1.65,6.0,7.512499999999999
-1.65,6.5,7.625
-1.65,6.5,5.375
-1.35,6.5,5.375
-1.35,6.0,5.4875
-1.35,6.0,7.512499999999999
-1.35,6.5,7.625
-1.4,6.075,7.208749999999999
-1.4,6.425,7.2875
-1.4,6.075,5.79125
-1.4,6.425,5.7125
-1.5999999999999999,6.075,7.208749999999999
-1.5999999999999999,6.075,5.79125
-1.5999999999999999,6.425,7.2875
-1.5999999999999999,6.425,5.7125
14
0,3,4,5
0,5,6,1
2,1,6,7
3,2,7,4
7,6,8,9
6,5,10,8
5,4,11,10
4,7,9,11
9,8,10,11
0,1,12,13
1,2,14,12
2,3,15,14
3,0,13,15
13,12,14,15
0,255,0
1.0,1.0,1.0,10.0