44
-1.85,7.45,5.0
-1.85,7.45,7.999999999999999
-1.85,7.8999999999999995,7.999999999999999
-1.85,7.8999999999999995,5.0
-1.1500000000000001,7.8999999999999995,5.0
-1.1500000000000001,7.45,5.0
-1.1500000000000001,7.45,7.999999999999999
-1.1500000000000001,7.8999999999999995,7.999999999999999
-1.8150000000000002,7.999999999999999,7.85
-1.8150000000000002,7.999999999999999,5.15
-1.185,7.999999999999999,7.85
-1.185,7.999999999999999,5.15
-1.7835,8.1,7.715
-1.7835,8.1,5.285
-1.2165000000000001,8.1,7.715
-1.2165000000000001,8.1,5.285
-1.769325,8.15,7.65425
-1.769325,8.15,5.34575
-1.2306750000000002,8.15,7.65425
-1.2306750000000002,8.15,5.34575
-1.75585875,8.4,7.5965375
-1.75585875,8.4,5.4034625
-1.2441412500000002,8.4,7.5965375
-1.2441412500000002,8.4,5.4034625
-1.679101125,8.6,7.26757625
-1.679101125,8.6,5.73242375
-1.3208988750000001,8.6,7.26757625
-1.3208988750000001,8.6,5.73242375
-1.6378183156875001,8.75,7.090649924375
-1.6378183156875001,8.75,5.909350075624999
-1.3621816843125,8.75,7.090649924375
-1.3621816843125,8.75,5.909350075624999
-1.6054310115009378,8.95,6.951847192146873
-1.6054310115009378,8.95,6.048152807853124
-1.3945689884990626,8.95,6.951847192146873
-1.3945689884990626,8.95,6.048152807853124
-1.5320510274962849,9.2,6.637361546412649
-1.5320510274962849,9.2,6.362638453587348
-1.467948972503715,9.2,6.637361546412649
-1.467948972503715,9.2,6.362638453587348
-1.5072114811866641,9.399999999999999,6.530906347942844
-1.5072114811866641,9.399999999999999,6.469093652057152
-1.4927885188133359,9.399999999999999,6.530906347942844
-1.4927885188133359,9.399999999999999,6.469093652057152
42
0,1,2,3
0,3,4,5
0,5,6,1
2,1,6,7
7,6,5,4
3,2,8,9
2,7,10,8
7,4,11,10
4,3,9,11
9,8,12,13
8,10,14,12
10,11,15,14
11,9,13,15
13,12,16,17
12,14,18,16
14,15,19,18
15,13,17,19
17,16,20,21
16,18,22,20
18,19,23,22
19,17,21,23
21,20,24,25
20,22,26,24
22,23,27,26
23,21,25,27
25,24,28,29
24,26,30,28
26,27,31,30
27,25,29,31
29,28,32,33
28,30,34,32
30,31,35,34
31,29,33,35
33,32,36,37
32,34,38,36
34,35,39,38
35,33,37,39
37,36,40,41
36,38,42,40
38,39,43,42
39,37,41,43
41,40,42,43
100,149,237
1.0,1.0,1.0,10.0