40
-5.0,1.0,-13.75
-5.0,5.5,-13.75
11.5,5.5,-13.75
11.5,1.0,-13.75
11.5,1.0,-13.25
-5.0,1.0,-13.25
-5.0,5.5,-13.25
11.5,5.5,-13.25
-5.5,1.0,-13.25
-5.5,1.0,-13.75
-5.5,5.5,-13.75
-5.5,5.5,-13.25
-5.0,5.5,0.75
-5.0,1.0,0.75
-5.5,5.5,0.75
-5.5,1.0,0.75
12.0,1.0,-13.75
12.0,1.0,-13.25
12.0,5.5,-13.75
12.0,5.5,-13.25
11.5,1.0,-6.25
11.5,5.5,-6.25
12.0,1.0,-6.25
12.0,5.5,-6.25
-5.5,5.5,1.25
-5.0,5.5,1.25
-5.5,1.0,1.25
-5.0,1.0,1.25
-4.0,5.5,0.75
-4.0,1.0,0.75
-4.0,5.5,1.25
-4.0,1.0,1.25
12.0,1.0,-5.75
11.5,1.0,-5.75
12.0,5.5,-5.75
11.5,5.5,-5.75
11.0,1.0,-6.25
11.0,5.5,-6.25
11.0,1.0,-5.75
11.0,5.5,-5.75
38
0,1,2,3
0,3,4,5
6,5,4,7
1,6,7,2
0,5,8,9
6,1,10,11
1,0,9,10
9,8,11,10
5,6,12,13
6,11,14,12
11,8,15,14
8,5,13,15
4,3,16,17
3,2,18,16
2,7,19,18
19,17,16,18
7,4,20,21
4,17,22,20
17,19,23,22
19,7,21,23
12,14,24,25
14,15,26,24
15,13,27,26
27,25,24,26
13,12,28,29
12,25,30,28
25,27,31,30
27,13,29,31
29,28,30,31
20,22,32,33
22,23,34,32
23,21,35,34
35,33,32,34
21,20,36,37
20,33,38,36
33,35,39,38
35,21,37,39
37,36,38,39
0,255,0
1.0,1.0,1.0,10.0