44
-5.5,5.0,1.25
-5.5,6.5,1.25
1.0,6.5,1.25
1.0,5.0,1.25
1.0,5.0,1.75
-5.5,5.0,1.75
-5.5,6.5,1.75
1.0,6.5,1.75
-6.0,5.0,1.75
-6.0,5.0,1.25
-6.0,6.5,1.75
-6.0,6.5,1.25
-5.5,5.0,-13.75
-5.5,6.5,-13.75
-6.0,5.0,-13.75
-6.0,6.5,-13.75
-5.5,5.0,-14.25
-5.5,6.5,-14.25
-6.0,5.0,-14.25
-6.0,6.5,-14.25
12.0,5.0,-13.75
12.0,6.5,-13.75
12.0,5.0,-14.25
12.0,6.5,-14.25
12.5,5.0,-13.75
12.5,6.5,-13.75
12.5,5.0,-14.25
12.5,6.5,-14.25
12.0,5.0,-4.75
12.0,6.5,-4.75
12.5,5.0,-4.75
12.5,6.5,-4.75
12.0,5.0,-4.25
12.0,6.5,-4.25
12.5,5.0,-4.25
12.5,6.5,-4.25
7.0,5.0,-4.75
7.0,6.5,-4.75
7.0,5.0,-4.25
7.0,6.5,-4.25
1.0,5.0,1.25
1.0,6.5,1.25
1.0,5.0,1.75
1.0,6.5,1.75
42
0,1,2,3
0,3,4,5
6,5,4,7
7,4,3,2
1,6,7,2
0,5,8,9
5,6,10,8
6,1,11,10
9,8,10,11
1,0,12,13
0,9,14,12
9,11,15,14
11,1,13,15
12,14,18,16
14,15,19,18
15,13,17,19
17,16,18,19
13,12,20,21
12,16,22,20
16,17,23,22
17,13,21,23
20,22,26,24
22,23,27,26
23,21,25,27
25,24,26,27
21,20,28,29
20,24,30,28
24,25,31,30
25,21,29,31
28,30,34,32
30,31,35,34
31,29,33,35
33,32,34,35
29,28,36,37
28,32,38,36
32,33,39,38
33,29,37,39
37,36,3,2
36,38,4,3
38,39,7,4
39,37,2,7
2,3,4,7
245,69,69
1.0,1.0,1.0,10.0