16
10.0,0.5,-3.0
10.0,0.5,-2.0
9.650000000000002,2.0,-1.65
9.650000000000002,2.0,-3.3499999999999996
11.350000000000001,2.0,-3.3499999999999996
11.0,0.5,-3.0
11.0,0.5,-2.0
11.350000000000001,2.0,-1.65
10.01805,2.0,-2.0180499999999997
10.01805,2.0,-2.98195
10.98195,2.0,-2.0180499999999997
10.98195,2.0,-2.98195
10.01805,1.1,-2.0180499999999997
10.01805,1.1,-2.98195
10.98195,1.1,-2.0180499999999997
10.98195,1.1,-2.98195
14
0,1,2,3
0,3,4,5
0,5,6,1
2,1,6,7
7,6,5,4
3,2,8,9
2,7,10,8
7,4,11,10
4,3,9,11
9,8,12,13
8,10,14,12
10,11,15,14
11,9,13,15
13,12,14,15
255,255,255
1.0,1.0,1.0,10.0