28
-5.5,2.5,1.5
-5.5,2.5,3.5
-5.4,2.6499999999999995,3.4
-5.4,2.6499999999999995,1.6
-3.6,2.6499999999999995,1.6
-3.5,2.5,1.5
-3.5,2.5,3.5
-3.6,2.6499999999999995,3.4
-3.75,2.3,1.75
-5.25,2.3,1.75
-3.75,2.3,3.25
-5.25,2.3,3.25
-3.975,1.9999999999999998,1.975
-5.025,1.9999999999999998,1.975
-3.975,1.9999999999999998,3.025
-5.025,1.9999999999999998,3.025
-5.13,2.8499999999999996,3.13
-5.13,2.8499999999999996,1.87
-3.87,2.8499999999999996,3.13
-3.87,2.8499999999999996,1.87
-4.941,3.05,2.941
-4.941,3.05,2.059
-4.059,3.05,2.941
-4.059,3.05,2.059
-4.8087,3.25,2.8087
-4.8087,3.25,2.1913
-4.1913,3.25,2.8087
-4.1913,3.25,2.1913
26
0,1,2,3
0,3,4,5
2,1,6,7
7,6,5,4
0,5,8,9
5,6,10,8
6,1,11,10
1,0,9,11
9,8,12,13
8,10,14,12
10,11,15,14
11,9,13,15
13,12,14,15
3,2,16,17
2,7,18,16
7,4,19,18
4,3,17,19
17,16,20,21
16,18,22,20
18,19,23,22
19,17,21,23
21,20,24,25
20,22,26,24
22,23,27,26
23,21,25,27
25,24,26,27
219,242,104
1.0,1.0,1.0,10