32
9.73,2.6,-3.2699999999999996
9.73,2.6,-1.73
9.5,2.5,-1.5
9.5,2.5,-3.5
11.5,2.5,-3.5
11.27,2.6,-3.2699999999999996
11.27,2.6,-1.73
11.5,2.5,-1.5
9.8,2.3,-1.8
9.8,2.3,-3.2
11.2,2.3,-1.8
11.2,2.3,-3.2
10.01,2.0999999999999996,-2.0100000000000002
10.01,2.0999999999999996,-2.99
10.99,2.0999999999999996,-2.0100000000000002
10.99,2.0999999999999996,-2.99
10.108,1.9999999999999996,-2.108
10.108,1.9999999999999996,-2.8920000000000003
10.892,1.9999999999999996,-2.108
10.892,1.9999999999999996,-2.8920000000000003
11.039,2.8000000000000003,-3.0389999999999997
9.961,2.8000000000000003,-3.0389999999999997
11.039,2.8000000000000003,-1.9609999999999999
9.961,2.8000000000000003,-1.9609999999999999
10.8773,3.0000000000000004,-2.8773
10.1227,3.0000000000000004,-2.8773
10.8773,3.0000000000000004,-2.1227
10.1227,3.0000000000000004,-2.1227
10.76411,3.1000000000000005,-2.76411
10.23589,3.1000000000000005,-2.76411
10.76411,3.1000000000000005,-2.23589
10.23589,3.1000000000000005,-2.23589
30
0,1,2,3
0,3,4,5
2,1,6,7
7,6,5,4
3,2,8,9
2,7,10,8
7,4,11,10
4,3,9,11
9,8,12,13
8,10,14,12
10,11,15,14
11,9,13,15
13,12,16,17
12,14,18,16
14,15,19,18
15,13,17,19
17,16,18,19
0,5,20,21
5,6,22,20
6,1,23,22
1,0,21,23
21,20,24,25
20,22,26,24
22,23,27,26
23,21,25,27
25,24,28,29
24,26,30,28
26,27,31,30
27,25,29,31
29,28,30,31
219,242,104
1.0,1.0,1.0,10