40
-5.0,1.0,-9.75
-5.0,1.0,-9.25
-5.0,5.5,-9.25
-5.0,5.5,-9.75
6.5,5.5,-9.75
6.5,1.0,-9.75
6.5,1.0,-9.25
6.5,5.5,-9.25
-5.5,1.0,-9.25
-5.5,1.0,-9.75
-5.5,5.5,-9.25
-5.5,5.5,-9.75
-5.0,5.5,0.75
-5.0,1.0,0.75
-5.5,5.5,0.75
-5.5,1.0,0.75
7.0,1.0,-9.25
7.0,5.5,-9.25
7.0,1.0,-9.75
7.0,5.5,-9.75
6.5,1.0,-5.25
6.5,5.5,-5.25
7.0,1.0,-5.25
7.0,5.5,-5.25
-5.0,5.5,1.25
-5.0,1.0,1.25
-5.5,5.5,1.25
-5.5,1.0,1.25
-4.0,5.5,0.75
-4.0,1.0,0.75
-4.0,5.5,1.25
-4.0,1.0,1.25
6.5,1.0,-4.75
6.5,5.5,-4.75
7.0,1.0,-4.75
7.0,5.5,-4.75
6.0,1.0,-5.25
6.0,5.5,-5.25
6.0,1.0,-4.75
6.0,5.5,-4.75
38
0,3,4,5
0,5,6,1
2,1,6,7
3,2,7,4
0,1,8,9
2,3,11,10
3,0,9,11
9,8,10,11
1,2,12,13
2,10,14,12
10,8,15,14
8,1,13,15
6,5,18,16
5,4,19,18
4,7,17,19
17,16,18,19
7,6,20,21
6,16,22,20
16,17,23,22
17,7,21,23
12,14,26,24
14,15,27,26
15,13,25,27
25,24,26,27
13,12,28,29
12,24,30,28
24,25,31,30
25,13,29,31
29,28,30,31
20,22,34,32
22,23,35,34
23,21,33,35
33,32,34,35
21,20,36,37
20,32,38,36
32,33,39,38
33,21,37,39
37,36,38,39
0,255,0
1.0,1.0,1.0,10